a_V_1: 0.2816798023481602
a_V_2: 8.137146183754046
a_V_3: 9.79999999999989
a_beta_1: 0.776772500000022
a_beta_2: 0.15059875000000428
a_phi_1: 22.628850693258414
a_phi_2: 130.88367819945788
a_theta_1: 5.294738297989169
a_theta_2: 99.94742162886033
a_theta_3: -36.11238956663201
trim_input:
  da: 0.0018361760020930114
  de: -0.12477807326736139
  dr: -0.0003026066681819711
  dt: 0.676752115279181
trim_state:
  ew: 0.9996873799992112
  ex: 0.0
  ey: 0.025002845244373777
  ez: 0.0
  p: 0.0
  pd: -100.0
  pe: -4.785593456925559e-15
  pn: 3.4821191459239258e-15
  q: 0.0
  r: 0.0
  u: 24.96874269870316
  v: 0.0
  w: 1.249755194425339
