a_V_1: 0.2816798023481602
a_V_2: 8.137146183754046
a_V_3: 9.79999999999989
a_beta_1: 0.776772500000022
a_beta_2: 0.15059875000000428
a_phi_1: 22.628850693258414
a_phi_2: 130.88367819945788
a_theta_1: 5.294738297989169
a_theta_2: 99.94742162886033
a_theta_3: -36.11238956663201
